
=== FIXED COHORT C381  (α≤0.01)  (n_inst=381, all samples wrong by construction) ===
       α   n_samp    meanΔE    ±SEM   medΔE   meanHD   HD/n%  medHD
       0    38100     0.578   0.004    0.00    461.1   8.217    461
   1e-09    38100     1.120   0.006    1.00     72.7   1.296     72
   1e-05    38100     1.116   0.006    1.01     72.7   1.296     71
  0.0001    38100     1.176   0.006    1.07     72.3   1.288     71
   0.001    38100     1.710   0.006    1.62     67.1   1.196     66
    0.01    38100     3.220   0.007    3.07     27.9   0.498     27
=== FIXED COHORT C12  (α≤0.02)  (n_inst=12, all samples wrong by construction) ===
       α   n_samp    meanΔE    ±SEM   medΔE   meanHD   HD/n%  medHD
       0     1200     0.615   0.023    0.00    475.4   8.470    475
   1e-09     1200     1.218   0.032    1.00     81.4   1.450     79
   1e-05     1200     1.200   0.031    1.01     80.7   1.438     80
  0.0001     1200     1.199   0.031    1.07     80.1   1.427     78
   0.001     1200     1.747   0.031    1.62     76.4   1.362     75
    0.01     1200     3.762   0.040    3.58     40.3   0.719     39
    0.02     1200     2.947   0.042    2.74     17.7   0.315     17

=== 비교: 논문의 varying-trapped (α마다 집단 다름) vs 고정코호트 medΔE ===
       α trap_frac varying_med  C381_med  C12_med
       0     1.000       0.000     0.000    0.000
   1e-09     1.000       1.000     1.000    1.000
   1e-05     1.000       1.007     1.007    1.007
  0.0001     1.000       1.073     1.074    1.068
   0.001     1.000       1.604     1.617    1.623
    0.01     0.988       2.860     3.070    3.580
    0.02     0.757       1.640       nan    2.740
